# Fix the position of the stops in Gregorio Espino, which are "opposite" to the actual location of the bus stops.
vitrasa:5720: # Gregorio Espino, 33
  location:
    latitude: 42.23004933454558
    longitude: -8.706947409683313

vitrasa:5710: # Gregorio Espino, 22
  location:
    latitude: 42.23003666347398
    longitude: -8.707266671978003

vitrasa:5730: # Gregorio Espino, 44
  location:
    latitude: 42.227850036119314
    longitude: -8.708105429626789

vitrasa:5740: # Gregorio Espino, 57
  location:
    latitude: 42.22783722597372
    longitude: -8.707849091551859
